1980   1        5.10
1980   2      100.90
1980   3       49.00
1980   4       53.80
1980   5      120.00
1980   6      286.50
1980   7      123.90
1980   8       38.40
1980   9      170.80
1980  10      117.40
1980  11       67.70
1980  12       21.60
1981   1        0.00
1981   2       23.10
1981   3      172.00
1981   4       45.00
1981   5      254.60
1981   6      161.90
1981   7      207.70
1981   8       42.40
1981   9      149.50
1981  10       96.20
1981  11        7.80
1981  12       31.00
1982   1        0.00
1982   2      135.20
1982   3       54.70
1982   4       77.30
1982   5      140.70
1982   6      138.20
1982   7       49.90
1982   8       76.30
1982   9       14.60
1982  10      182.20
1982  11       14.00
1982  12        8.40
1983   1        0.00
1983   2       34.00
1983   3       67.00
1983   4       84.40
1983   5      116.20
1983   6      231.20
1983   7       34.20
1983   8       47.50
1983   9       94.60
1983  10       43.30
1983  11       67.30
1983  12       86.30
1984   1        0.00
1984   2        8.90
1984   3      135.10
1984   4       80.50
1984   5      132.50
1984   6      179.90
1984   7      276.50
1984   8      171.20
1984   9      214.80
1984  10      138.80
1984  11       44.40
1984  12        1.30
1985   1       18.50
1985   2       45.50
1985   3      247.40
1985   4      166.90
1985   5      105.20
1985   6      159.20
1985   7      417.10
1985   8       96.50
1985   9      202.80
1985  10       99.70
1985  11      110.40
1985  12        0.00
1986   1        0.00
1986   2      132.10
1986   3       64.40
1986   4       70.70
1986   5      154.80
1986   6      268.00
1986   7      176.30
1986   8       68.50
1986   9      114.20
1986  10      170.60
1986  11       13.00
1986  12        0.00
1987   1        5.90
1987   2       64.80
1987   3      110.00
1987   4      171.00
1987   5       46.30
1987   6      245.90
1987   7      156.80
1987   8      192.10
1987   9      188.70
1987  10       74.40
1987  11       39.50
1987  12        8.20
1988   1        0.00
1988   2       10.00
1988   3      309.50
1988   4      135.70
1988   5      130.30
1988   6      341.70
1988   7      138.80
1988   8       15.00
1988   9      185.50
1988  10      136.40
1988  11       38.60
1988  12       78.90
1989   1       53.70
1989   2        2.30
1989   3      112.60
1989   4       77.20
1989   5      126.20
1989   6      310.40
1989   7       89.30
1989   8      177.00
1989   9      281.20
1989  10      186.30
1989  11       39.50
1989  12        8.20
1990   1       33.50
1990   2       67.90
1990   3      110.20
1990   4      199.10
1990   5      115.30
1990   6      126.40
1990   7       22.60
1990   8       27.30
1990   9      197.30
1990  10      137.50
1990  11       98.70
1990  12       83.40
1991   1       54.80
1991   2       83.90
1991   3       77.80
1991   4      133.30
1991   5      306.90
1991   6      171.80
1991   7       88.10
1991   8       69.70
1991   9      143.20
1991  10      122.50
1991  11       23.70
1991  12        0.10
1992   1        3.60
1992   2        5.50
1992   3       74.30
1992   4      152.80
1992   5      150.30
1992   6      132.70
1992   7       79.20
1992   8       30.40
1992   9      312.80
1992  10       49.20
1992  11       65.60
1992  12        7.10
1993   1        2.00
1993   2       53.10
1993   3      117.50
1993   4      152.70
1993   5      145.82
1993   6      338.90
1993   7       31.00
1993   8      102.60
1993   9      168.00
1993  10      257.10
1993  11       52.40
1993  12       26.70
1994   1        0.00
1994   2        7.30
1994   3       52.10
1994   4      194.90
1994   5      210.80
1994   6      116.10
1994   7       96.50
1994   8       63.10
1994   9      156.10
1994  10      179.00
1994  11       35.20
1994  12        0.00
1995   1        0.00
1995   2        0.70
1995   3      121.60
1995   4      198.80
1995   5      175.80
1995   6      155.10
1995   7      136.60
1995   8      148.50
1995   9      138.80
1995  10       95.70
1995  11       40.00
1995  12      115.60
1996   1        3.70
1996   2       80.20
1996   3       72.20
1996   4      111.80
1996   5      145.70
1996   6      106.00
1996   7      202.70
1996   8      109.60
1996   9       72.50
1996  10       81.80
1996  11        2.80
1996  12       51.90
1997   1       53.70
1997   2       33.00
1997   3      138.00
1997   4      296.70
1997   5      218.70
1997   6      250.30
1997   7       73.40
1997   8       59.00
1997   9       96.30
1997  10      162.20
1997  11       11.10
1997  12       11.30
1998   1       51.80
1998   2       26.60
1998   3       35.90
1998   4      267.40
1998   5      183.30
1998   6      188.70
1998   7       56.50
1998   8       75.60
1998   9       74.70
1998  10       76.50
1998  11       23.50
1998  12       31.70
1999   1       61.30
1999   2       25.90
1999   3      109.90
1999   4      217.00
1999   5      101.70
1999   6      217.90
1999   7      202.60
1999   8      114.10
1999   9      135.20
1999  10      204.30
1999  11       39.00
1999  12        0.00
2000   1       62.40
2000   2        7.20
2000   3      110.60
2000   4      206.20
2000   5      168.60
2000   6      373.20
2000   7      153.20
2000   8       65.30
2000   9      144.10
2000  10      119.90
2000  11       77.80
2000  12        0.00
2001   1        0.00
2001   2       21.50
2001   3      220.10
2001   4      163.00
2001   5      106.70
2001   6      149.70
2001   7      112.50
2001   8       48.60
2001   9      216.90
2001  10      112.90
2001  11       15.50
2001  12       18.40
2002   1        1.60
2002   2        7.60
2002   3       99.70
2002   4      238.90
2002   5      204.60
2002   6      265.50
2002   7      281.40
2002   8       75.80
2002   9      123.50
2002  10      319.10
2002  11       45.20
2002  12        5.40
2003   1       32.90
2003   2       74.50
2003   3       73.10
2003   4      129.50
2003   5      188.80
2003   6      254.60
2003   7       95.30
2003   8       26.80
2003   9       99.50
2003  10      180.10
2003  11      163.20
2003  12       30.90
2004   1       25.80
2004   2       70.80
2004   3      164.30
2004   4      100.70
2004   5       72.30
2004   6       41.10
2004   7      229.40
2004   8      115.00
2004   9      243.50
2004  10      232.40
2004  11       43.50
2004  12       76.50
2005   1       12.50
2005   2       48.90
2005   3       84.20
2005   4      146.40
2005   5      272.10
2005   6      121.30
2005   7       18.30
2005   8       36.70
2005   9      174.10
2005  10      236.90
2005  11       49.80
2005  12       29.80
2006   1      111.10
2006   2       98.40
2006   3      112.80
2006   4       66.90
2006   5      187.30
2006   6      145.40
2006   7       66.70
2006   8       65.20
2006   9      111.40
2006  10      158.40
2006  11       32.50
2006  12        3.70
2007   1        0.20
2007   2       16.90
2007   3       56.20
2007   4      310.90
2007   5      164.20
2007   6      176.00
2007   7      192.90
2007   8      117.70
2007   9      534.50
2007  10      153.90
2007  11       51.70
2007  12       19.80
2008   1        0.00
2008   2       53.70
2008   3       97.40
2008   4      132.00
2008   5      239.60
2008   6      286.70
2008   7      131.10
2008   8      192.60
2008   9      170.70
2008  10       75.10
2008  11       18.30
2008  12       54.80
2009   1        0.00
2009   2      131.40
2009   3      110.60
2009   4      139.80
2009   5      164.60
2009   6      376.70
2009   7      273.50
2009   8       17.60
2009   9       99.30
2009  10      138.60
2009  11       45.20
2009  12       33.40
2010   1       14.70
2010   2       52.70
2010   3       52.60
2010   4       77.30
2010   5      108.90
2010   6      225.80
2010   7       83.30
2010   8      113.10
2010   9      165.90
2010  10      184.00
2010  11       80.90
2010  12       38.30
2011   1       65.80
2011   2      136.40
2011   3      230.50
2011   4      122.80
2011   5      100.10
2011   6      244.40
2011   7      178.60
2011   8       60.60
2011   9      155.60
2011  10      188.10
2011  11       38.90
2011  12        0.00
2012   1       48.10
2012   2       74.90
2012   3       92.00
2012   4      119.30
2012   5      270.80
2012   6      379.80
2012   7       93.80
2012   8        3.40
2012   9       82.50
2012  10      225.60
2012  11       70.60
2012  12       60.60
2013   1        0.00
2013   2       54.70
2013   3      107.90
2013   4      167.80
2013   5      207.40
2013   6      114.90
2013   7      138.00
2013   8        6.20
2013   9      219.50
2013  10      209.70
2013  11       80.60
2013  12       42.00
2014   1       89.20
2014   2      162.50
2014   3       66.80
2014   4      105.80
2014   5      117.00
2014   6      268.50
2014   7       71.60
2014   8       59.30
2014   9      112.70
2014  10      180.10
2014  11      117.60
2014  12        3.10
2015   1        0.00
2015   2       64.00
2015   3      171.60
2015   4      231.50
2015   5      118.40
2015   6      333.40
2015   7      128.40
2015   8        2.90
2015   9      101.70
2015  10      142.20
2015  11       40.70
2015  12        0.00
2016   1        0.00
2016   2        1.20
2016   3      135.80
2016   4      132.50
2016   5      118.60
2016   6      155.50
2016   7      108.10
2016   8       55.10
2016   9      329.10
2016  10      209.40
2016  11       64.00
2016  12       24.00
2017   1       35.40
2017   2       24.90
2017   3       99.10
2017   4       92.50
2017   5      201.40
2017   6      252.80
2017   7      139.30
2017   8       91.80
2017   9      238.60
2017  10      169.80
2017  11       80.00
2017  12       50.40
